(0, 0), (0, 0) = 0	(0, 0), (0, 1) = 10	(0, 0), (0, 2) = 10	(0, 0), (0, 3) = 10	(0, 0), (0, 4) = 15	(0, 0), (0, 5) = 10	
(0, 0), (1, 0) = 0	(0, 0), (1, 1) = 0	(0, 0), (1, 2) = 0	(0, 0), (1, 3) = 0	(0, 0), (1, 4) = 0	(0, 0), (1, 5) = 0	
(0, 0), (2, 0) = 11	(0, 0), (2, 1) = 11	(0, 0), (2, 2) = 11	(0, 0), (2, 3) = 23	(0, 0), (2, 4) = 16	(0, 0), (2, 5) = 16	
(0, 0), (3, 0) = 0	(0, 0), (3, 1) = 0	(0, 0), (3, 2) = 0	(0, 0), (3, 3) = 0	(0, 0), (3, 4) = 0	(0, 0), (3, 5) = 0	

(0, 1), (0, 0) = 10	(0, 1), (0, 1) = 0	(0, 1), (0, 2) = 2	(0, 1), (0, 3) = 2	(0, 1), (0, 4) = 7	(0, 1), (0, 5) = 2	
(0, 1), (1, 0) = 0	(0, 1), (1, 1) = 0	(0, 1), (1, 2) = 0	(0, 1), (1, 3) = 0	(0, 1), (1, 4) = 0	(0, 1), (1, 5) = 0	
(0, 1), (2, 0) = 11	(0, 1), (2, 1) = 11	(0, 1), (2, 2) = 3	(0, 1), (2, 3) = 15	(0, 1), (2, 4) = 8	(0, 1), (2, 5) = 8	
(0, 1), (3, 0) = 0	(0, 1), (3, 1) = 0	(0, 1), (3, 2) = 0	(0, 1), (3, 3) = 0	(0, 1), (3, 4) = 0	(0, 1), (3, 5) = 0	

(0, 2), (0, 0) = 10	(0, 2), (0, 1) = 2	(0, 2), (0, 2) = 0	(0, 2), (0, 3) = 2	(0, 2), (0, 4) = 7	(0, 2), (0, 5) = 2	
(0, 2), (1, 0) = 0	(0, 2), (1, 1) = 0	(0, 2), (1, 2) = 0	(0, 2), (1, 3) = 0	(0, 2), (1, 4) = 0	(0, 2), (1, 5) = 0	
(0, 2), (2, 0) = 11	(0, 2), (2, 1) = 11	(0, 2), (2, 2) = 3	(0, 2), (2, 3) = 15	(0, 2), (2, 4) = 8	(0, 2), (2, 5) = 8	
(0, 2), (3, 0) = 0	(0, 2), (3, 1) = 0	(0, 2), (3, 2) = 0	(0, 2), (3, 3) = 0	(0, 2), (3, 4) = 0	(0, 2), (3, 5) = 0	

(0, 3), (0, 0) = 10	(0, 3), (0, 1) = 2	(0, 3), (0, 2) = 2	(0, 3), (0, 3) = 0	(0, 3), (0, 4) = 7	(0, 3), (0, 5) = 2	
(0, 3), (1, 0) = 0	(0, 3), (1, 1) = 0	(0, 3), (1, 2) = 0	(0, 3), (1, 3) = 0	(0, 3), (1, 4) = 0	(0, 3), (1, 5) = 0	
(0, 3), (2, 0) = 11	(0, 3), (2, 1) = 11	(0, 3), (2, 2) = 3	(0, 3), (2, 3) = 15	(0, 3), (2, 4) = 8	(0, 3), (2, 5) = 8	
(0, 3), (3, 0) = 0	(0, 3), (3, 1) = 0	(0, 3), (3, 2) = 0	(0, 3), (3, 3) = 0	(0, 3), (3, 4) = 0	(0, 3), (3, 5) = 0	

(0, 4), (0, 0) = 15	(0, 4), (0, 1) = 7	(0, 4), (0, 2) = 7	(0, 4), (0, 3) = 7	(0, 4), (0, 4) = 0	(0, 4), (0, 5) = 7	
(0, 4), (1, 0) = 0	(0, 4), (1, 1) = 0	(0, 4), (1, 2) = 0	(0, 4), (1, 3) = 0	(0, 4), (1, 4) = 0	(0, 4), (1, 5) = 0	
(0, 4), (2, 0) = 16	(0, 4), (2, 1) = 16	(0, 4), (2, 2) = 8	(0, 4), (2, 3) = 15	(0, 4), (2, 4) = 8	(0, 4), (2, 5) = 8	
(0, 4), (3, 0) = 0	(0, 4), (3, 1) = 0	(0, 4), (3, 2) = 0	(0, 4), (3, 3) = 0	(0, 4), (3, 4) = 0	(0, 4), (3, 5) = 0	

(0, 5), (0, 0) = 10	(0, 5), (0, 1) = 2	(0, 5), (0, 2) = 2	(0, 5), (0, 3) = 2	(0, 5), (0, 4) = 7	(0, 5), (0, 5) = 0	
(0, 5), (1, 0) = 0	(0, 5), (1, 1) = 0	(0, 5), (1, 2) = 0	(0, 5), (1, 3) = 0	(0, 5), (1, 4) = 0	(0, 5), (1, 5) = 0	
(0, 5), (2, 0) = 11	(0, 5), (2, 1) = 11	(0, 5), (2, 2) = 3	(0, 5), (2, 3) = 15	(0, 5), (2, 4) = 8	(0, 5), (2, 5) = 8	
(0, 5), (3, 0) = 0	(0, 5), (3, 1) = 0	(0, 5), (3, 2) = 0	(0, 5), (3, 3) = 0	(0, 5), (3, 4) = 0	(0, 5), (3, 5) = 0	


(1, 0), (0, 0) = 11	(1, 0), (0, 1) = 11	(1, 0), (0, 2) = 11	(1, 0), (0, 3) = 11	(1, 0), (0, 4) = 16	(1, 0), (0, 5) = 11	
(1, 0), (1, 0) = 0	(1, 0), (1, 1) = 0	(1, 0), (1, 2) = 0	(1, 0), (1, 3) = 0	(1, 0), (1, 4) = 0	(1, 0), (1, 5) = 0	
(1, 0), (2, 0) = 12	(1, 0), (2, 1) = 12	(1, 0), (2, 2) = 12	(1, 0), (2, 3) = 24	(1, 0), (2, 4) = 17	(1, 0), (2, 5) = 17	
(1, 0), (3, 0) = 0	(1, 0), (3, 1) = 0	(1, 0), (3, 2) = 0	(1, 0), (3, 3) = 0	(1, 0), (3, 4) = 0	(1, 0), (3, 5) = 0	

(1, 1), (0, 0) = 11	(1, 1), (0, 1) = 11	(1, 1), (0, 2) = 11	(1, 1), (0, 3) = 11	(1, 1), (0, 4) = 16	(1, 1), (0, 5) = 11	
(1, 1), (1, 0) = 0	(1, 1), (1, 1) = 0	(1, 1), (1, 2) = 0	(1, 1), (1, 3) = 0	(1, 1), (1, 4) = 0	(1, 1), (1, 5) = 0	
(1, 1), (2, 0) = 12	(1, 1), (2, 1) = 12	(1, 1), (2, 2) = 12	(1, 1), (2, 3) = 24	(1, 1), (2, 4) = 17	(1, 1), (2, 5) = 17	
(1, 1), (3, 0) = 0	(1, 1), (3, 1) = 0	(1, 1), (3, 2) = 0	(1, 1), (3, 3) = 0	(1, 1), (3, 4) = 0	(1, 1), (3, 5) = 0	

(1, 2), (0, 0) = 24	(1, 2), (0, 1) = 19	(1, 2), (0, 2) = 19	(1, 2), (0, 3) = 19	(1, 2), (0, 4) = 24	(1, 2), (0, 5) = 19	
(1, 2), (1, 0) = 0	(1, 2), (1, 1) = 0	(1, 2), (1, 2) = 0	(1, 2), (1, 3) = 0	(1, 2), (1, 4) = 0	(1, 2), (1, 5) = 0	
(1, 2), (2, 0) = 25	(1, 2), (2, 1) = 25	(1, 2), (2, 2) = 20	(1, 2), (2, 3) = 32	(1, 2), (2, 4) = 25	(1, 2), (2, 5) = 25	
(1, 2), (3, 0) = 0	(1, 2), (3, 1) = 0	(1, 2), (3, 2) = 0	(1, 2), (3, 3) = 0	(1, 2), (3, 4) = 0	(1, 2), (3, 5) = 0	

(1, 3), (0, 0) = 16	(1, 3), (0, 1) = 8	(1, 3), (0, 2) = 8	(1, 3), (0, 3) = 8	(1, 3), (0, 4) = 8	(1, 3), (0, 5) = 8	
(1, 3), (1, 0) = 0	(1, 3), (1, 1) = 0	(1, 3), (1, 2) = 0	(1, 3), (1, 3) = 0	(1, 3), (1, 4) = 0	(1, 3), (1, 5) = 0	
(1, 3), (2, 0) = 17	(1, 3), (2, 1) = 17	(1, 3), (2, 2) = 9	(1, 3), (2, 3) = 16	(1, 3), (2, 4) = 9	(1, 3), (2, 5) = 9	
(1, 3), (3, 0) = 0	(1, 3), (3, 1) = 0	(1, 3), (3, 2) = 0	(1, 3), (3, 3) = 0	(1, 3), (3, 4) = 0	(1, 3), (3, 5) = 0	

(1, 4), (0, 0) = 16	(1, 4), (0, 1) = 8	(1, 4), (0, 2) = 8	(1, 4), (0, 3) = 8	(1, 4), (0, 4) = 8	(1, 4), (0, 5) = 8	
(1, 4), (1, 0) = 0	(1, 4), (1, 1) = 0	(1, 4), (1, 2) = 0	(1, 4), (1, 3) = 0	(1, 4), (1, 4) = 0	(1, 4), (1, 5) = 0	
(1, 4), (2, 0) = 17	(1, 4), (2, 1) = 17	(1, 4), (2, 2) = 9	(1, 4), (2, 3) = 16	(1, 4), (2, 4) = 9	(1, 4), (2, 5) = 9	
(1, 4), (3, 0) = 0	(1, 4), (3, 1) = 0	(1, 4), (3, 2) = 0	(1, 4), (3, 3) = 0	(1, 4), (3, 4) = 0	(1, 4), (3, 5) = 0	

(1, 5), (0, 0) = 16	(1, 5), (0, 1) = 8	(1, 5), (0, 2) = 8	(1, 5), (0, 3) = 8	(1, 5), (0, 4) = 8	(1, 5), (0, 5) = 8	
(1, 5), (1, 0) = 0	(1, 5), (1, 1) = 0	(1, 5), (1, 2) = 0	(1, 5), (1, 3) = 0	(1, 5), (1, 4) = 0	(1, 5), (1, 5) = 0	
(1, 5), (2, 0) = 17	(1, 5), (2, 1) = 17	(1, 5), (2, 2) = 9	(1, 5), (2, 3) = 16	(1, 5), (2, 4) = 9	(1, 5), (2, 5) = 9	
(1, 5), (3, 0) = 0	(1, 5), (3, 1) = 0	(1, 5), (3, 2) = 0	(1, 5), (3, 3) = 0	(1, 5), (3, 4) = 0	(1, 5), (3, 5) = 0	


(2, 0), (0, 0) = 25	(2, 0), (0, 1) = 20	(2, 0), (0, 2) = 20	(2, 0), (0, 3) = 20	(2, 0), (0, 4) = 25	(2, 0), (0, 5) = 20	
(2, 0), (1, 0) = 0	(2, 0), (1, 1) = 0	(2, 0), (1, 2) = 0	(2, 0), (1, 3) = 0	(2, 0), (1, 4) = 0	(2, 0), (1, 5) = 0	
(2, 0), (2, 0) = 0	(2, 0), (2, 1) = 26	(2, 0), (2, 2) = 21	(2, 0), (2, 3) = 33	(2, 0), (2, 4) = 26	(2, 0), (2, 5) = 26	
(2, 0), (3, 0) = 0	(2, 0), (3, 1) = 0	(2, 0), (3, 2) = 0	(2, 0), (3, 3) = 0	(2, 0), (3, 4) = 0	(2, 0), (3, 5) = 0	

(2, 1), (0, 0) = 25	(2, 1), (0, 1) = 20	(2, 1), (0, 2) = 20	(2, 1), (0, 3) = 20	(2, 1), (0, 4) = 25	(2, 1), (0, 5) = 20	
(2, 1), (1, 0) = 0	(2, 1), (1, 1) = 0	(2, 1), (1, 2) = 0	(2, 1), (1, 3) = 0	(2, 1), (1, 4) = 0	(2, 1), (1, 5) = 0	
(2, 1), (2, 0) = 26	(2, 1), (2, 1) = 0	(2, 1), (2, 2) = 21	(2, 1), (2, 3) = 33	(2, 1), (2, 4) = 26	(2, 1), (2, 5) = 26	
(2, 1), (3, 0) = 0	(2, 1), (3, 1) = 0	(2, 1), (3, 2) = 0	(2, 1), (3, 3) = 0	(2, 1), (3, 4) = 0	(2, 1), (3, 5) = 0	

(2, 2), (0, 0) = 25	(2, 2), (0, 1) = 20	(2, 2), (0, 2) = 20	(2, 2), (0, 3) = 20	(2, 2), (0, 4) = 25	(2, 2), (0, 5) = 20	
(2, 2), (1, 0) = 0	(2, 2), (1, 1) = 0	(2, 2), (1, 2) = 0	(2, 2), (1, 3) = 0	(2, 2), (1, 4) = 0	(2, 2), (1, 5) = 0	
(2, 2), (2, 0) = 26	(2, 2), (2, 1) = 26	(2, 2), (2, 2) = 0	(2, 2), (2, 3) = 33	(2, 2), (2, 4) = 26	(2, 2), (2, 5) = 26	
(2, 2), (3, 0) = 0	(2, 2), (3, 1) = 0	(2, 2), (3, 2) = 0	(2, 2), (3, 3) = 0	(2, 2), (3, 4) = 0	(2, 2), (3, 5) = 0	

(2, 3), (0, 0) = 32	(2, 3), (0, 1) = 27	(2, 3), (0, 2) = 27	(2, 3), (0, 3) = 27	(2, 3), (0, 4) = 32	(2, 3), (0, 5) = 27	
(2, 3), (1, 0) = 0	(2, 3), (1, 1) = 0	(2, 3), (1, 2) = 0	(2, 3), (1, 3) = 0	(2, 3), (1, 4) = 0	(2, 3), (1, 5) = 0	
(2, 3), (2, 0) = 33	(2, 3), (2, 1) = 33	(2, 3), (2, 2) = 28	(2, 3), (2, 3) = 0	(2, 3), (2, 4) = 33	(2, 3), (2, 5) = 33	
(2, 3), (3, 0) = 0	(2, 3), (3, 1) = 0	(2, 3), (3, 2) = 0	(2, 3), (3, 3) = 0	(2, 3), (3, 4) = 0	(2, 3), (3, 5) = 0	

(2, 4), (0, 0) = 25	(2, 4), (0, 1) = 20	(2, 4), (0, 2) = 20	(2, 4), (0, 3) = 20	(2, 4), (0, 4) = 25	(2, 4), (0, 5) = 20	
(2, 4), (1, 0) = 0	(2, 4), (1, 1) = 0	(2, 4), (1, 2) = 0	(2, 4), (1, 3) = 0	(2, 4), (1, 4) = 0	(2, 4), (1, 5) = 0	
(2, 4), (2, 0) = 26	(2, 4), (2, 1) = 26	(2, 4), (2, 2) = 21	(2, 4), (2, 3) = 33	(2, 4), (2, 4) = 0	(2, 4), (2, 5) = 26	
(2, 4), (3, 0) = 0	(2, 4), (3, 1) = 0	(2, 4), (3, 2) = 0	(2, 4), (3, 3) = 0	(2, 4), (3, 4) = 0	(2, 4), (3, 5) = 0	

(2, 5), (0, 0) = 17	(2, 5), (0, 1) = 9	(2, 5), (0, 2) = 9	(2, 5), (0, 3) = 9	(2, 5), (0, 4) = 9	(2, 5), (0, 5) = 9	
(2, 5), (1, 0) = 0	(2, 5), (1, 1) = 0	(2, 5), (1, 2) = 0	(2, 5), (1, 3) = 0	(2, 5), (1, 4) = 0	(2, 5), (1, 5) = 0	
(2, 5), (2, 0) = 18	(2, 5), (2, 1) = 18	(2, 5), (2, 2) = 10	(2, 5), (2, 3) = 17	(2, 5), (2, 4) = 10	(2, 5), (2, 5) = 0	
(2, 5), (3, 0) = 0	(2, 5), (3, 1) = 0	(2, 5), (3, 2) = 0	(2, 5), (3, 3) = 0	(2, 5), (3, 4) = 0	(2, 5), (3, 5) = 0	


(3, 0), (0, 0) = 0	(3, 0), (0, 1) = 0	(3, 0), (0, 2) = 0	(3, 0), (0, 3) = 0	(3, 0), (0, 4) = 0	(3, 0), (0, 5) = 0	
(3, 0), (1, 0) = 0	(3, 0), (1, 1) = 0	(3, 0), (1, 2) = 0	(3, 0), (1, 3) = 0	(3, 0), (1, 4) = 0	(3, 0), (1, 5) = 0	
(3, 0), (2, 0) = 0	(3, 0), (2, 1) = 0	(3, 0), (2, 2) = 0	(3, 0), (2, 3) = 0	(3, 0), (2, 4) = 0	(3, 0), (2, 5) = 0	
(3, 0), (3, 0) = 0	(3, 0), (3, 1) = 0	(3, 0), (3, 2) = 0	(3, 0), (3, 3) = 0	(3, 0), (3, 4) = 0	(3, 0), (3, 5) = 0	

(3, 1), (0, 0) = 0	(3, 1), (0, 1) = 0	(3, 1), (0, 2) = 0	(3, 1), (0, 3) = 0	(3, 1), (0, 4) = 0	(3, 1), (0, 5) = 0	
(3, 1), (1, 0) = 0	(3, 1), (1, 1) = 0	(3, 1), (1, 2) = 0	(3, 1), (1, 3) = 0	(3, 1), (1, 4) = 0	(3, 1), (1, 5) = 0	
(3, 1), (2, 0) = 0	(3, 1), (2, 1) = 0	(3, 1), (2, 2) = 0	(3, 1), (2, 3) = 0	(3, 1), (2, 4) = 0	(3, 1), (2, 5) = 0	
(3, 1), (3, 0) = 0	(3, 1), (3, 1) = 0	(3, 1), (3, 2) = 0	(3, 1), (3, 3) = 0	(3, 1), (3, 4) = 0	(3, 1), (3, 5) = 0	

(3, 2), (0, 0) = 0	(3, 2), (0, 1) = 0	(3, 2), (0, 2) = 0	(3, 2), (0, 3) = 0	(3, 2), (0, 4) = 0	(3, 2), (0, 5) = 0	
(3, 2), (1, 0) = 0	(3, 2), (1, 1) = 0	(3, 2), (1, 2) = 0	(3, 2), (1, 3) = 0	(3, 2), (1, 4) = 0	(3, 2), (1, 5) = 0	
(3, 2), (2, 0) = 0	(3, 2), (2, 1) = 0	(3, 2), (2, 2) = 0	(3, 2), (2, 3) = 0	(3, 2), (2, 4) = 0	(3, 2), (2, 5) = 0	
(3, 2), (3, 0) = 0	(3, 2), (3, 1) = 0	(3, 2), (3, 2) = 0	(3, 2), (3, 3) = 0	(3, 2), (3, 4) = 0	(3, 2), (3, 5) = 0	

(3, 3), (0, 0) = 0	(3, 3), (0, 1) = 0	(3, 3), (0, 2) = 0	(3, 3), (0, 3) = 0	(3, 3), (0, 4) = 0	(3, 3), (0, 5) = 0	
(3, 3), (1, 0) = 0	(3, 3), (1, 1) = 0	(3, 3), (1, 2) = 0	(3, 3), (1, 3) = 0	(3, 3), (1, 4) = 0	(3, 3), (1, 5) = 0	
(3, 3), (2, 0) = 0	(3, 3), (2, 1) = 0	(3, 3), (2, 2) = 0	(3, 3), (2, 3) = 0	(3, 3), (2, 4) = 0	(3, 3), (2, 5) = 0	
(3, 3), (3, 0) = 0	(3, 3), (3, 1) = 0	(3, 3), (3, 2) = 0	(3, 3), (3, 3) = 0	(3, 3), (3, 4) = 0	(3, 3), (3, 5) = 0	

(3, 4), (0, 0) = 0	(3, 4), (0, 1) = 0	(3, 4), (0, 2) = 0	(3, 4), (0, 3) = 0	(3, 4), (0, 4) = 0	(3, 4), (0, 5) = 0	
(3, 4), (1, 0) = 0	(3, 4), (1, 1) = 0	(3, 4), (1, 2) = 0	(3, 4), (1, 3) = 0	(3, 4), (1, 4) = 0	(3, 4), (1, 5) = 0	
(3, 4), (2, 0) = 0	(3, 4), (2, 1) = 0	(3, 4), (2, 2) = 0	(3, 4), (2, 3) = 0	(3, 4), (2, 4) = 0	(3, 4), (2, 5) = 0	
(3, 4), (3, 0) = 0	(3, 4), (3, 1) = 0	(3, 4), (3, 2) = 0	(3, 4), (3, 3) = 0	(3, 4), (3, 4) = 0	(3, 4), (3, 5) = 0	

(3, 5), (0, 0) = 0	(3, 5), (0, 1) = 0	(3, 5), (0, 2) = 0	(3, 5), (0, 3) = 0	(3, 5), (0, 4) = 0	(3, 5), (0, 5) = 0	
(3, 5), (1, 0) = 0	(3, 5), (1, 1) = 0	(3, 5), (1, 2) = 0	(3, 5), (1, 3) = 0	(3, 5), (1, 4) = 0	(3, 5), (1, 5) = 0	
(3, 5), (2, 0) = 0	(3, 5), (2, 1) = 0	(3, 5), (2, 2) = 0	(3, 5), (2, 3) = 0	(3, 5), (2, 4) = 0	(3, 5), (2, 5) = 0	
(3, 5), (3, 0) = 0	(3, 5), (3, 1) = 0	(3, 5), (3, 2) = 0	(3, 5), (3, 3) = 0	(3, 5), (3, 4) = 0	(3, 5), (3, 5) = 0	


71
