3c3
< (0, 0), (2, 0) = 0	(0, 0), (2, 1) = 0	(0, 0), (2, 2) = 0	(0, 0), (2, 3) = 0	(0, 0), (2, 4) = 0	(0, 0), (2, 5) = 0	
---
> (0, 0), (2, 0) = 11	(0, 0), (2, 1) = 11	(0, 0), (2, 2) = 11	(0, 0), (2, 3) = 23	(0, 0), (2, 4) = 16	(0, 0), (2, 5) = 16	
8c8
< (0, 1), (2, 0) = 0	(0, 1), (2, 1) = 0	(0, 1), (2, 2) = 0	(0, 1), (2, 3) = 0	(0, 1), (2, 4) = 0	(0, 1), (2, 5) = 0	
---
> (0, 1), (2, 0) = 11	(0, 1), (2, 1) = 11	(0, 1), (2, 2) = 3	(0, 1), (2, 3) = 15	(0, 1), (2, 4) = 8	(0, 1), (2, 5) = 8	
13c13
< (0, 2), (2, 0) = 0	(0, 2), (2, 1) = 0	(0, 2), (2, 2) = 0	(0, 2), (2, 3) = 0	(0, 2), (2, 4) = 0	(0, 2), (2, 5) = 0	
---
> (0, 2), (2, 0) = 11	(0, 2), (2, 1) = 11	(0, 2), (2, 2) = 3	(0, 2), (2, 3) = 15	(0, 2), (2, 4) = 8	(0, 2), (2, 5) = 8	
18c18
< (0, 3), (2, 0) = 0	(0, 3), (2, 1) = 0	(0, 3), (2, 2) = 0	(0, 3), (2, 3) = 0	(0, 3), (2, 4) = 0	(0, 3), (2, 5) = 0	
---
> (0, 3), (2, 0) = 11	(0, 3), (2, 1) = 11	(0, 3), (2, 2) = 3	(0, 3), (2, 3) = 15	(0, 3), (2, 4) = 8	(0, 3), (2, 5) = 8	
23c23
< (0, 4), (2, 0) = 0	(0, 4), (2, 1) = 0	(0, 4), (2, 2) = 0	(0, 4), (2, 3) = 0	(0, 4), (2, 4) = 0	(0, 4), (2, 5) = 0	
---
> (0, 4), (2, 0) = 16	(0, 4), (2, 1) = 16	(0, 4), (2, 2) = 8	(0, 4), (2, 3) = 15	(0, 4), (2, 4) = 8	(0, 4), (2, 5) = 8	
28c28
< (0, 5), (2, 0) = 0	(0, 5), (2, 1) = 0	(0, 5), (2, 2) = 0	(0, 5), (2, 3) = 0	(0, 5), (2, 4) = 0	(0, 5), (2, 5) = 0	
---
> (0, 5), (2, 0) = 11	(0, 5), (2, 1) = 11	(0, 5), (2, 2) = 3	(0, 5), (2, 3) = 15	(0, 5), (2, 4) = 8	(0, 5), (2, 5) = 8	
34c34
< (1, 0), (2, 0) = 0	(1, 0), (2, 1) = 0	(1, 0), (2, 2) = 0	(1, 0), (2, 3) = 0	(1, 0), (2, 4) = 0	(1, 0), (2, 5) = 0	
---
> (1, 0), (2, 0) = 12	(1, 0), (2, 1) = 12	(1, 0), (2, 2) = 12	(1, 0), (2, 3) = 24	(1, 0), (2, 4) = 17	(1, 0), (2, 5) = 17	
39c39
< (1, 1), (2, 0) = 0	(1, 1), (2, 1) = 0	(1, 1), (2, 2) = 0	(1, 1), (2, 3) = 0	(1, 1), (2, 4) = 0	(1, 1), (2, 5) = 0	
---
> (1, 1), (2, 0) = 12	(1, 1), (2, 1) = 12	(1, 1), (2, 2) = 12	(1, 1), (2, 3) = 24	(1, 1), (2, 4) = 17	(1, 1), (2, 5) = 17	
44c44
< (1, 2), (2, 0) = 0	(1, 2), (2, 1) = 0	(1, 2), (2, 2) = 0	(1, 2), (2, 3) = 0	(1, 2), (2, 4) = 0	(1, 2), (2, 5) = 0	
---
> (1, 2), (2, 0) = 25	(1, 2), (2, 1) = 25	(1, 2), (2, 2) = 20	(1, 2), (2, 3) = 32	(1, 2), (2, 4) = 25	(1, 2), (2, 5) = 25	
49c49
< (1, 3), (2, 0) = 0	(1, 3), (2, 1) = 0	(1, 3), (2, 2) = 0	(1, 3), (2, 3) = 0	(1, 3), (2, 4) = 0	(1, 3), (2, 5) = 0	
---
> (1, 3), (2, 0) = 17	(1, 3), (2, 1) = 17	(1, 3), (2, 2) = 9	(1, 3), (2, 3) = 16	(1, 3), (2, 4) = 9	(1, 3), (2, 5) = 9	
54c54
< (1, 4), (2, 0) = 0	(1, 4), (2, 1) = 0	(1, 4), (2, 2) = 0	(1, 4), (2, 3) = 0	(1, 4), (2, 4) = 0	(1, 4), (2, 5) = 0	
---
> (1, 4), (2, 0) = 17	(1, 4), (2, 1) = 17	(1, 4), (2, 2) = 9	(1, 4), (2, 3) = 16	(1, 4), (2, 4) = 9	(1, 4), (2, 5) = 9	
59c59
< (1, 5), (2, 0) = 0	(1, 5), (2, 1) = 0	(1, 5), (2, 2) = 0	(1, 5), (2, 3) = 0	(1, 5), (2, 4) = 0	(1, 5), (2, 5) = 0	
---
> (1, 5), (2, 0) = 17	(1, 5), (2, 1) = 17	(1, 5), (2, 2) = 9	(1, 5), (2, 3) = 16	(1, 5), (2, 4) = 9	(1, 5), (2, 5) = 9	
124a125
> 71
